13.2035666667, 150.021591187, 354, 3.12385470008, 0.327200983978, 0.171455823301, 0.211155494462, 0.0
13.2035666667, 150.527282715, 267, 1.64215836726, 0.32241508122, 0.25996533315, 0.117988313362, 0.128032097255
13.2035666667, 150.583526611, 80, 1.89080361182, 0.277307567331, 0.187820164039, 0.143633055659, 0.0
13.2035666667, 150.590545654, 66, 0.722777547426, 0.28574828382, 0.0616951459731, 0.258887349116, 0.129929937213
13.2035666667, 151.139465332, 775, 0.0658089722256, 0.0369232310238, 0.0067502610849, 0.0343697753784, 0.0
13.2035666667, 151.527114868, 208, 0.152403535699, 0.332057132484, 0.0393357802215, 0.326574532675, 0.305404993293
13.2035666667, 151.534179688, 312, 2.7041618842, 0.447826350061, 0.157292718614, 0.354014082538, 0.254031185752
13.2035666667, 151.541229248, 328, 4.36765291182, 0.481914663107, 0.22960926184, 0.330983650232, 0.172904671489
13.2035666667, 151.548278809, 244, 4.31477796683, 0.440228740542, 0.243632884052, 0.274316350964, 0.0897586031524
13.2035666667, 151.555328369, 209, 3.51886888122, 0.384456935073, 0.22106977931, 0.232754182951, 0.0359258581911
13.2035666667, 151.562393188, 148, 3.24188921921, 0.348269221574, 0.178075931031, 0.229097486421, 0.024631435729
13.2035666667, 151.569442749, 110, 1.99637292681, 0.3323028917, 0.122607746686, 0.259081754107, 0.0574690176653
13.2035666667, 151.57649231, 72, 0.647444212073, 0.327476332733, 0.0650727980463, 0.303711926224, 0.105355062885
13.2035666667, 152.042404175, 4648, 0.548359175375, 0.111354512018, 0.0846857795186, 0.0500473068296, 0.0
13.2035666667, 152.049468994, 37809, 2.28716452609, 0.242265706055, 0.132293887017, 0.152419898684, 0.0
13.2035666667, 152.056533813, 133342, 3.89643413785, 0.422743751002, 0.209178422769, 0.284091375714, 0.0273077254263
13.2035666667, 152.063598633, 235066, 5.1644231598, 0.55970527661, 0.260918500027, 0.389302244691, 0.0792728894018
13.2035666667, 152.070663452, 264043, 5.27011423236, 0.591339332555, 0.262639987664, 0.421976397112, 0.113104131558
13.2035666667, 152.077728271, 223533, 4.27418332154, 0.528662693726, 0.224422300703, 0.385738545903, 0.11864576524
13.2035666667, 152.08480835, 161210, 3.41598316032, 0.459951459596, 0.18764996705, 0.342025511967, 0.112958356583
13.2035666667, 152.091873169, 109115, 2.94293599864, 0.416724442929, 0.165979459639, 0.313124634884, 0.105322404928
13.2035666667, 152.098937988, 75472, 2.8758326217, 0.408470697095, 0.163028683223, 0.306385489674, 0.0993913451585
13.2035666667, 152.106002808, 54206, 2.9728112, 0.416931666373, 0.167458195878, 0.311778842879, 0.0978825661623
13.2035666667, 152.113067627, 38510, 3.00882106657, 0.419047918922, 0.169006321231, 0.312708834022, 0.0953257660843
13.2035666667, 152.120132446, 27504, 3.00620672958, 0.417028681823, 0.168741023966, 0.310682932797, 0.0921577196485
13.2035666667, 152.127197266, 20363, 3.0751330576, 0.422555682297, 0.171841012072, 0.314025263372, 0.0904362325333
13.2035666667, 152.134262085, 15138, 3.11215215568, 0.426401753878, 0.173508794998, 0.316752125963, 0.0883983236442
13.2035666667, 152.141326904, 11132, 3.06674985962, 0.425702791486, 0.17144878992, 0.317660511649, 0.0892195061453
13.2035666667, 152.148406982, 8894, 3.15521010588, 0.439082904833, 0.175582674877, 0.328650939046, 0.0947948456215
13.2035666667, 152.155471802, 7448, 3.3291921918, 0.4524372217, 0.183343030371, 0.336615174999, 0.0927629503814
13.2035666667, 152.162536621, 5649, 3.26300459074, 0.42483465823, 0.179905505335, 0.3096401219, 0.0724287226653
13.2035666667, 152.16960144, 5256, 3.34534505907, 0.417980649424, 0.183357916518, 0.299368394974, 0.0740202281452
13.2035666667, 152.17666626, 7227, 4.09670299007, 0.503982782644, 0.216292866724, 0.36492903437, 0.109734492815
13.2035666667, 152.183731079, 7671, 3.99772003923, 0.526876579925, 0.211586725206, 0.393554885322, 0.116946510952
13.2035666667, 152.190811157, 3788, 2.18241630883, 0.388703461903, 0.131200894475, 0.310977001099, 0.0975939814287
13.2035666667, 152.197875977, 1622, 1.15408556357, 0.26132096835, 0.0768990077652, 0.218448360871, 0.0658228720066
13.2035666667, 152.204940796, 1523, 2.64168702593, 0.354955880781, 0.149903143656, 0.259090067834, 0.0567211695744
13.2035666667, 152.212005615, 1848, 4.14330404006, 0.470553376463, 0.218898232364, 0.326787102538, 0.0805405057626
13.2035666667, 152.219085693, 2092, 4.24104221818, 0.519381850148, 0.221785400347, 0.377444412303, 0.108135982171
13.2035666667, 152.226150513, 1890, 3.70205922972, 0.510842775415, 0.199212759642, 0.386923628407, 0.112207847713
13.2035666667, 152.233215332, 1489, 3.10295137715, 0.472235427062, 0.174239781567, 0.365786210312, 0.106001284943
13.2035666667, 152.240280151, 1451, 3.08037008132, 0.465975011556, 0.173257769166, 0.35990676494, 0.107201331608
13.2035666667, 152.247360229, 1394, 3.5242400404, 0.496967166664, 0.192087909506, 0.378060324787, 0.111608826669
13.2035666667, 152.254425049, 1242, 3.55596115364, 0.498180704302, 0.193578279551, 0.378241128229, 0.110395713018
13.2035666667, 152.261489868, 1162, 3.42812443976, 0.482996116472, 0.188711975542, 0.365767422886, 0.106823840871
13.2035666667, 152.268569946, 1215, 3.53895537872, 0.492992494944, 0.193135148243, 0.373205361122, 0.113724012966
13.2035666667, 152.275634766, 1202, 3.57799425248, 0.500115113844, 0.195450057329, 0.378931261824, 0.11149230033
13.2035666667, 152.282699585, 1030, 3.39203489212, 0.48235097001, 0.187647427026, 0.366310835918, 0.104447632432
13.2035666667, 152.289779663, 946, 3.40798605487, 0.475066183483, 0.187969872829, 0.358469409036, 0.110446265922
13.2035666667, 152.296844482, 1047, 3.77695076388, 0.506980119153, 0.204419521612, 0.379334162717, 0.117344209033
13.2035666667, 152.303924561, 1027, 3.77854325932, 0.520859754481, 0.206138053331, 0.394405112929, 0.11065364789
13.2035666667, 152.31098938, 874, 3.40956687258, 0.474580522361, 0.193778967503, 0.355346573029, 0.0847427731756
13.2035666667, 152.318054199, 810, 3.82786597007, 0.450879599835, 0.21961863103, 0.309930181787, 0.0537494886684
13.2035666667, 152.325134277, 927, 4.38327016535, 0.478687802473, 0.247423681203, 0.316478603486, 0.0617054017531
13.2035666667, 152.332199097, 1038, 4.8488460791, 0.511884604596, 0.273913212839, 0.33103180945, 0.0375925742599
13.2035666667, 152.339279175, 914, 4.45378441035, 0.494673091787, 0.259969678166, 0.326513731785, 0.0
13.2035666667, 152.346343994, 843, 4.08128003358, 0.46816911855, 0.244260639835, 0.311195679269, 0.0
13.2035666667, 152.353424072, 807, 4.23447065337, 0.468227368232, 0.250013410965, 0.305479996852, 0.0
13.2035666667, 152.360488892, 844, 4.72821732927, 0.486598940745, 0.271423854392, 0.305192253065, 0.0
13.2035666667, 152.36756897, 784, 4.90325592942, 0.495626274935, 0.278404103235, 0.309037080542, 0.0
13.2035666667, 152.374633789, 764, 4.71743757562, 0.485739465506, 0.269103050664, 0.30588902988, 0.0
13.2035666667, 152.381713867, 655, 4.44791857394, 0.472648112177, 0.256112343776, 0.303068026077, 0.0356175259497
13.2035666667, 152.388778687, 718, 4.14006859312, 0.472748338274, 0.236464074235, 0.318927750338, 0.0670998818943
13.2035666667, 152.395858765, 683, 3.99349189488, 0.48319994652, 0.226905414908, 0.338949643777, 0.081769021458
13.2035666667, 152.402923584, 626, 3.94754362982, 0.497884716952, 0.218458440134, 0.360790523772, 0.0916537987649
13.2035666667, 152.410003662, 635, 3.73484865432, 0.500504619475, 0.205039748842, 0.373309461593, 0.116851176617
13.2035666667, 152.417068481, 734, 3.63870547278, 0.505725399421, 0.19876605011, 0.383018999391, 0.132424806904
13.2035666667, 152.42414856, 793, 3.67081366734, 0.514397334802, 0.199301622745, 0.391737110119, 0.128989657368
13.2035666667, 152.431213379, 762, 3.58351721197, 0.510883138425, 0.19543351057, 0.390970694563, 0.126929681053
13.2035666667, 152.438293457, 727, 3.58718196835, 0.513717765016, 0.195380176752, 0.393941015725, 0.130568651141
13.2035666667, 152.445373535, 661, 3.59982772988, 0.522718231482, 0.19565531359, 0.403320183177, 0.133394844855
13.2035666667, 152.452438354, 635, 3.40934203768, 0.521483076436, 0.187516002878, 0.408566763208, 0.132370758101
13.2035666667, 152.459518433, 585, 3.26142457693, 0.511354918774, 0.1812227549, 0.402714442242, 0.125758614341
13.2035666667, 152.466583252, 545, 3.39412672661, 0.503541740759, 0.187109047015, 0.389133408752, 0.114817080714
13.2035666667, 152.47366333, 549, 3.73126480225, 0.509675180071, 0.200691487251, 0.384600638215, 0.110709237304
13.2035666667, 152.480743408, 559, 3.89153846474, 0.513606330835, 0.207315631317, 0.383293638325, 0.108435217731
13.2035666667, 152.487808228, 574, 3.69248741794, 0.508116981438, 0.199345738671, 0.383664580756, 0.112584505278
13.2035666667, 152.494888306, 523, 3.43277005841, 0.507757059873, 0.187796196713, 0.392943649192, 0.122543812924
13.2035666667, 152.501968384, 581, 3.35058905817, 0.509137804318, 0.184257793453, 0.397292875236, 0.123810009973
13.2035666667, 152.509048462, 686, 3.63869925952, 0.512754629959, 0.196299366399, 0.391211046476, 0.11120150448
13.2035666667, 152.516113281, 704, 4.30100857582, 0.517609857896, 0.224196134785, 0.373383240061, 0.086084817343
13.2035666667, 152.523193359, 772, 5.14406774698, 0.522762593204, 0.26009373011, 0.34929717003, 0.0554403898339
13.2035666667, 152.530273438, 831, 5.32842063735, 0.524847696756, 0.290893875465, 0.326114203776, 0.0285435839725
13.2035666667, 152.537338257, 924, 5.00360900834, 0.525595808463, 0.307042618436, 0.313589901571, 0.0147809908115
13.2035666667, 152.544418335, 977, 5.02928857342, 0.524292742959, 0.304325206981, 0.314419956371, 0.0178162660263
13.2035666667, 152.551498413, 910, 5.32747448261, 0.524813565775, 0.290893476766, 0.326064280107, 0.0316773705938
13.2035666667, 152.558578491, 841, 5.43929851965, 0.526235832463, 0.272617556382, 0.342689057953, 0.052139661612
13.2035666667, 152.565658569, 776, 5.03135700385, 0.526932230615, 0.255006453845, 0.357987062611, 0.0717067470149
13.2035666667, 152.572723389, 729, 4.73501860542, 0.529323529743, 0.242260176482, 0.371119768961, 0.0855845005613
13.2035666667, 152.579803467, 677, 4.51607066826, 0.532660563725, 0.232845100969, 0.382522897429, 0.0962160111128
13.2035666667, 152.586883545, 681, 4.38501242135, 0.536483040332, 0.227211171989, 0.391342718579, 0.102737221131
13.2035666667, 152.593963623, 702, 4.26917176632, 0.536244380424, 0.222433522606, 0.395088842912, 0.105071844657
13.2035666667, 152.601043701, 663, 4.19913975, 0.533121912814, 0.219690430673, 0.394051519299, 0.105615858558
13.2035666667, 152.608108521, 585, 4.23037713356, 0.530139239532, 0.221216872502, 0.389659197118, 0.104454094827
13.2035666667, 152.615188599, 461, 4.33707138863, 0.527349012572, 0.225934016927, 0.382838597554, 0.0987967480161
13.2035666667, 152.622268677, 448, 4.41738197315, 0.526078102059, 0.229515486792, 0.3786039908, 0.0973982380394
13.2035666667, 152.629348755, 475, 4.41549638549, 0.526444416842, 0.229563744978, 0.379061710453, 0.100017403009
13.2035666667, 152.636428833, 454, 4.22727142222, 0.522978479077, 0.221838043501, 0.381807598235, 0.109320832449
13.2035666667, 152.643508911, 419, 3.90284681159, 0.515958759074, 0.208438791857, 0.385415860175, 0.120696006789
13.2035666667, 152.650588989, 462, 3.68280507865, 0.513696390369, 0.199373285921, 0.390596162858, 0.128839841105
13.2035666667, 152.657669067, 499, 3.59400343451, 0.517357847244, 0.195808531175, 0.397649301651, 0.13523841039
13.2035666667, 152.664749146, 541, 3.61309812494, 0.525383873963, 0.19673693557, 0.405718468916, 0.13770006456
13.2035666667, 152.671829224, 493, 3.76813912092, 0.536406714974, 0.206248926511, 0.411441420448, 0.12898784956
13.2035666667, 152.678909302, 528, 3.90289447825, 0.544361794244, 0.214337193543, 0.414459178208, 0.12530773306
13.2035666667, 152.68598938, 512, 4.30193611938, 0.542231428052, 0.241009550406, 0.393618422284, 0.0936048404702
13.2035666667, 152.693069458, 510, 4.38728469062, 0.52592426629, 0.249748103276, 0.368765868845, 0.0837937960744
13.2035666667, 152.700149536, 487, 4.56671394728, 0.516654202855, 0.261772091446, 0.348453465049, 0.0652039624214
13.2035666667, 152.707229614, 448, 4.85492241738, 0.514138922158, 0.276842490497, 0.332419380248, 0.0
13.2035666667, 152.714309692, 416, 4.89051200506, 0.50567235343, 0.278271271129, 0.32120222453, 0.0
13.2035666667, 152.721389771, 403, 4.83165232864, 0.495654516315, 0.275560164768, 0.311938973638, 0.0
13.2035666667, 152.728469849, 389, 4.76545318829, 0.494461045285, 0.272903011915, 0.313256079827, 0.0
13.2035666667, 152.735549927, 425, 4.63547840703, 0.499304741686, 0.268312895906, 0.323883742109, 0.0
13.2035666667, 152.742630005, 421, 4.4152425095, 0.501925407834, 0.259394203784, 0.335786761491, 0.0
13.2035666667, 152.749710083, 416, 4.25884624943, 0.501572859035, 0.252102007668, 0.342079016857, 0.0594413904458
13.2035666667, 152.756790161, 407, 4.05127897539, 0.502539555175, 0.23868999752, 0.353573656729, 0.0844638095387
13.2035666667, 152.763870239, 434, 3.90864326875, 0.50575329371, 0.226855583159, 0.365196513683, 0.104489197031
13.2035666667, 152.770950317, 458, 3.85173845632, 0.521026723557, 0.217660399298, 0.387952436638, 0.11857622013
13.2035666667, 152.778030396, 467, 3.72244982888, 0.5298355471, 0.204434794393, 0.405759876611, 0.137448519254
13.2035666667, 152.785110474, 403, 3.74386147424, 0.536044278536, 0.202857457826, 0.412455903057, 0.143376018204
13.2035666667, 152.792190552, 381, 3.92831623503, 0.543556128025, 0.209506277744, 0.414790697723, 0.136029407654
13.2035666667, 152.799285889, 345, 3.89316434153, 0.539968146898, 0.207943992335, 0.412057714033, 0.134747958802
13.2035666667, 152.806365967, 302, 3.8064525568, 0.53748613605, 0.204182343206, 0.412328661722, 0.134658579379
13.2035666667, 152.813446045, 302, 3.73789691129, 0.540798811069, 0.201054420144, 0.418347145413, 0.136675113024
13.2035666667, 152.820526123, 304, 3.73677876393, 0.545464769412, 0.200721281005, 0.423529441776, 0.140737507887
13.2035666667, 152.827606201, 357, 3.64476619194, 0.540040871172, 0.196861616848, 0.420726711391, 0.146006826589
13.2035666667, 152.834686279, 372, 3.44295830678, 0.528416347882, 0.188503973472, 0.414958947113, 0.149764772596
13.2035666667, 152.841781616, 377, 3.30617130324, 0.529568685674, 0.18269089281, 0.420909200642, 0.15495224945
13.2035666667, 152.848861694, 407, 3.17181540759, 0.537200849835, 0.176970001983, 0.433770995012, 0.163100576827
13.2035666667, 152.855941772, 389, 2.99366225154, 0.539121395262, 0.169550494848, 0.441876885133, 0.167153885825
13.2035666667, 152.863021851, 322, 2.85427507559, 0.53482973747, 0.16373696951, 0.441955568308, 0.16698399201
13.2035666667, 152.870117188, 369, 2.90429065498, 0.530502078644, 0.165682593699, 0.435617015499, 0.163473199195
13.2035666667, 152.877197266, 380, 3.0552811311, 0.526838429932, 0.171815025049, 0.426546926354, 0.159323590353
13.2035666667, 152.884277344, 375, 3.26267057698, 0.535703433913, 0.180266560007, 0.429087875161, 0.161813158845
13.2035666667, 152.891357422, 318, 3.30720889737, 0.548756408672, 0.181882723424, 0.441790651947, 0.172181604853
13.2035666667, 152.898452759, 270, 2.96703877827, 0.550562995888, 0.167984785722, 0.455171386479, 0.195157521269
13.2035666667, 152.905532837, 221, 0.782613331188, 0.49242312092, 0.0779033728954, 0.466766633521, 0.312625785765
13.2035666667, 153.18196106, 615, 0.124766633341, 0.466370987076, 0.461098266943, 0.122828888394, 0.0
13.2035666667, 153.189056396, 569, 0.943820006936, 0.47164554673, 0.431369707417, 0.153050629307, 0.0
13.2035666667, 153.196151733, 397, 1.69430095939, 0.421043691304, 0.345312800008, 0.169466555713, 0.0
13.2035666667, 153.203231812, 361, 2.63292440911, 0.409968814887, 0.290087521769, 0.203088387664, 0.0
13.2035666667, 153.210327148, 359, 3.59450818176, 0.458554274154, 0.297505442051, 0.24936812866, 0.0
13.2035666667, 153.217422485, 339, 3.92818831083, 0.494536186582, 0.321880433005, 0.268016396804, 0.0
13.2035666667, 153.224517822, 353, 3.98235247222, 0.508800935019, 0.335404534001, 0.272183880733, 0.0
13.2035666667, 153.2315979, 318, 3.98515065224, 0.507824273649, 0.334133919493, 0.272127252482, 0.0
13.2035666667, 153.238693237, 303, 4.00327384004, 0.497601364671, 0.321733735206, 0.27128787433, 0.0
13.2035666667, 153.245788574, 284, 4.14204521999, 0.491553139579, 0.308423956203, 0.275708652232, 0.00374350224805
13.2035666667, 153.252883911, 286, 4.41046380636, 0.494834295841, 0.299524969397, 0.2865597263, 0.019255242977
13.2035666667, 153.259979248, 260, 4.6129436526, 0.493520564592, 0.288470418644, 0.294235594728, 0.0306493797669
13.2035666667, 153.267074585, 264, 4.66006808351, 0.487322760541, 0.279175098729, 0.295190241728, 0.0362325881861
13.2035666667, 153.274169922, 283, 4.70046101868, 0.487647502985, 0.277627032242, 0.29680388664, 0.0363626265705
13.2035666667, 153.28125, 313, 4.82536986957, 0.500666942704, 0.286576602026, 0.303452407305, 0.031463394716
13.2035666667, 153.288345337, 336, 5.05372186294, 0.516546475558, 0.294111847892, 0.31436139894, 0.0342163316137
13.2035666667, 153.295440674, 321, 5.31480984576, 0.533139317905, 0.30121997312, 0.32639567349, 0.0374088063177
13.2035666667, 153.302536011, 296, 5.59820491978, 0.546499613887, 0.303744271139, 0.338734068753, 0.0407962827241
13.2035666667, 153.309631348, 228, 5.83136433334, 0.550999312889, 0.298171206516, 0.3482051446, 0.0463962943322
13.2035666667, 153.316726685, 180, 5.84788452614, 0.544269655323, 0.288948911471, 0.348586244822, 0.0494799561668
13.2035666667, 153.323822021, 179, 5.5919078239, 0.534295666567, 0.278693766621, 0.346328528811, 0.0557310050049
13.2035666667, 153.330917358, 198, 5.4097871973, 0.529930052176, 0.271183295918, 0.347865745304, 0.0623510024618
13.2035666667, 153.338012695, 228, 5.22656789912, 0.528863139173, 0.263420053911, 0.35317843636, 0.0658722569374
13.2035666667, 153.345108032, 224, 5.06155588485, 0.527193916229, 0.256504280502, 0.357151880626, 0.0600630770575
13.2035666667, 153.352203369, 233, 5.05891246998, 0.530278346763, 0.256334943809, 0.360693897298, 0.0569479480358
13.2035666667, 153.359298706, 213, 5.03099616028, 0.530169842975, 0.255263538721, 0.361545798831, 0.0609679152427
13.2035666667, 153.366394043, 257, 4.91577817955, 0.528244092526, 0.250555051867, 0.363447049109, 0.0686918669257
13.2035666667, 153.37348938, 226, 4.74416037421, 0.52141925007, 0.243652271283, 0.361878342425, 0.0753122774147
13.2035666667, 153.380584717, 248, 4.64342002947, 0.512221122945, 0.239824634243, 0.355209470574, 0.0847931770075
13.2035666667, 153.387680054, 270, 4.73075961862, 0.508067098195, 0.243882236114, 0.347479339353, 0.0860315466869
13.2035666667, 153.394775391, 292, 4.71220199814, 0.504292954758, 0.243374415447, 0.343941073066, 0.0851066976654
13.2035666667, 153.401870728, 236, 4.41934666088, 0.497478407037, 0.231115217891, 0.346843131728, 0.0892841347526
13.2035666667, 153.408966064, 155, 4.25972249837, 0.499935446816, 0.225341999173, 0.354825814307, 0.0831280342336
13.2035666667, 153.416061401, 152, 4.46489136112, 0.501351186927, 0.236720711501, 0.347803068203, 0.0636816551604
13.2035666667, 153.423156738, 160, 5.21642674249, 0.495397205774, 0.278181071669, 0.306236508134, 0.0216699264901
13.2035666667, 153.430252075, 191, 4.33381650725, 0.490809503914, 0.31847441642, 0.263349817819, 0.0
13.2035666667, 153.437347412, 182, 3.57981908683, 0.479092081413, 0.343338811297, 0.223260829512, 0.0
13.2035666667, 153.444442749, 208, 3.12008638208, 0.480482849861, 0.367591220063, 0.19821625629, 0.0
13.2035666667, 153.451553345, 223, 2.85299213379, 0.470258655191, 0.36754021767, 0.185909607029, 0.105068375008
13.2035666667, 153.458648682, 203, 2.55747373547, 0.444521859866, 0.351606095044, 0.170923541935, 0.10930841915
13.2035666667, 153.465744019, 237, 2.49561249999, 0.442396011551, 0.351672614122, 0.168272185662, 0.114276548581
13.2035666667, 153.472839355, 239, 2.62635833181, 0.450522131071, 0.35538308472, 0.174222010746, 0.105933910291
13.2035666667, 153.479934692, 208, 2.98844151649, 0.451578931607, 0.342968447733, 0.188423798359, 0.0809968169413
13.2035666667, 153.487030029, 163, 3.76900110483, 0.446826355018, 0.307745144458, 0.219180445162, 0.0415335437825
13.2035666667, 153.494140625, 114, 4.62546493773, 0.444322567608, 0.260582533632, 0.264332116657, 0.00513308495818
13.2035666667, 153.501235962, 118, 3.59647584304, 0.433784114236, 0.213930217447, 0.296890043114, 0.0380690311445
13.2035666667, 153.508331299, 153, 3.72743274632, 0.425695365014, 0.213783239876, 0.2857988489, 0.0291832795939
13.2035666667, 153.515426636, 194, 3.88929714926, 0.433554588462, 0.266402486283, 0.247131240249, 0.0
13.2035666667, 153.522521973, 261, 2.25746795079, 0.431797144255, 0.33238620647, 0.190964778456, 0.0
13.2035666667, 153.529632568, 289, 0.32825667094, 0.418249203257, 0.403909219098, 0.117169364333, 0.0
13.2035666667, 153.572219849, 214, 1.06726234862, 0.407809320774, 0.360101739626, 0.142871568086, 0.0
13.2035666667, 153.579330444, 168, 3.11212060867, 0.473048276523, 0.335829650482, 0.233331020282, 0.0
13.2035666667, 153.586425781, 157, 4.68036617934, 0.507572220446, 0.301564870192, 0.298829632605, 0.0
13.2035666667, 153.593521118, 162, 5.4413742832, 0.519651743939, 0.273340483566, 0.335092314185, 0.0048677256241
13.2035666667, 153.600631714, 175, 5.18082717589, 0.515498236339, 0.262162263348, 0.339781284756, 0.0286160512854
13.2035666667, 153.607727051, 167, 5.1391913663, 0.50295138601, 0.260841131141, 0.32727368668, 0.0341906835403
13.2035666667, 153.614837646, 152, 5.16101280839, 0.500246049363, 0.270223665125, 0.31656598303, 0.0295720224481
13.2035666667, 153.621932983, 144, 5.09043077102, 0.508848041679, 0.283496302043, 0.314849756262, 0.0267236086431
13.2035666667, 153.62902832, 194, 4.91406018697, 0.508482691661, 0.291383700149, 0.307904021477, 0.0162762971752
13.2035666667, 153.636138916, 212, 4.87722492337, 0.513327954851, 0.298694764202, 0.307082088226, 0.0195023519295
13.2035666667, 153.643234253, 183, 4.9096473101, 0.513941586131, 0.29785925991, 0.308403780133, 0.0318416163933
13.2035666667, 153.650344849, 160, 4.87688585207, 0.495825466483, 0.278553059595, 0.304789915869, 0.0446811094849
13.2035666667, 153.657440186, 143, 4.71488875694, 0.471602263258, 0.258716475115, 0.29503051538, 0.0488504786836
13.2035666667, 153.664535522, 153, 4.54192625608, 0.45947200372, 0.253336542573, 0.286397065533, 0.0506245399266
13.2035666667, 153.671646118, 172, 4.30980652039, 0.455435622638, 0.259931075373, 0.276611792498, 0.0472004409592
13.2035666667, 153.678741455, 207, 4.13337890353, 0.451351776311, 0.263823104475, 0.269021840553, 0.0359536688617
13.2035666667, 153.685852051, 197, 4.24711528986, 0.44567230476, 0.252100727609, 0.272579719901, 0.0374946376991
13.2035666667, 153.692947388, 179, 4.44081382548, 0.435583517733, 0.231628220468, 0.278628284341, 0.0392038593019
13.2035666667, 153.700057983, 157, 4.28207003121, 0.440634011638, 0.224422452332, 0.290048567663, 0.0394601080703
13.2035666667, 153.70715332, 144, 4.51173518567, 0.451261422183, 0.234593054591, 0.293171052368, 0.0418276695676
13.2035666667, 153.714263916, 132, 4.59443233474, 0.46170631363, 0.253487755932, 0.28888390163, 0.0472988640956
13.2035666667, 153.721374512, 109, 4.70174500203, 0.478015227475, 0.266803763816, 0.295548019764, 0.0512212561319
13.2035666667, 153.728469849, 136, 5.12735459388, 0.49744625583, 0.268767734701, 0.314962968788, 0.057991828981
13.2035666667, 153.735580444, 108, 5.39214201521, 0.520066385805, 0.271374359279, 0.337302179037, 0.0621184272333
13.2035666667, 153.742675781, 129, 5.49798527879, 0.526953433878, 0.275704394054, 0.341264046218, 0.0538521764602
13.2035666667, 153.749786377, 137, 5.35573556959, 0.518090568616, 0.282078002905, 0.32651006538, 0.0364992101948
13.2035666667, 153.756881714, 164, 4.68161140389, 0.497726652107, 0.290475142385, 0.297673444705, 0.00629753243596
13.2035666667, 153.76399231, 131, 4.0059486809, 0.469045818304, 0.290003584785, 0.267158161992, 0.0
13.2035666667, 153.771102905, 125, 3.33419590549, 0.431620210014, 0.280565923791, 0.234581586775, 0.0
13.2035666667, 153.778198242, 83, 3.08191805835, 0.416881170915, 0.277252471813, 0.221423065717, 0.0
13.2035666667, 153.785308838, 85, 3.23509408034, 0.426951818276, 0.282314024793, 0.227874413935, 0.0
13.2035666667, 153.792419434, 95, 3.36417749007, 0.434479774329, 0.287673570291, 0.230019637047, 0.0
13.2035666667, 153.799514771, 130, 3.27877399549, 0.443694753717, 0.308928058716, 0.219738916233, 0.0
13.2035666667, 153.806625366, 122, 3.34931736739, 0.440198438271, 0.308147295359, 0.212793123611, 0.0
13.2035666667, 153.813735962, 109, 3.35494937145, 0.43511168355, 0.307356479525, 0.206332703619, 0.0
13.2035666667, 153.820831299, 113, 3.07556981521, 0.436369472518, 0.32252728699, 0.191602761802, 0.0
13.2035666667, 153.827941895, 151, 2.95961412695, 0.446865253512, 0.338583806317, 0.187635219024, 0.0959039344202
13.2035666667, 153.83505249, 137, 3.20371804351, 0.461254413445, 0.3452318603, 0.197671756718, 0.0851937641162
13.2035666667, 153.842147827, 147, 3.81117960958, 0.4700104194, 0.331855680485, 0.22214275933, 0.0733777560877
13.2035666667, 153.849258423, 117, 4.28556786302, 0.454618703346, 0.29704805601, 0.239772193207, 0.059002367534
13.2035666667, 153.856369019, 122, 4.6529260747, 0.438244467026, 0.264993479851, 0.253351700125, 0.0341705501309
13.2035666667, 153.863479614, 130, 4.28117239658, 0.434168365354, 0.246747471208, 0.266679562895, 0.0
13.2035666667, 153.870574951, 110, 3.96332061666, 0.433541729999, 0.232920617868, 0.279719889532, 0.0
13.2035666667, 153.877685547, 112, 3.37005405922, 0.424735685704, 0.201777035813, 0.2967026919, 0.0322249812922
13.2035666667, 153.884796143, 80, 3.35749211434, 0.435897233633, 0.197660525225, 0.311923261721, 0.0342807062846
13.2035666667, 153.891906738, 90, 3.73313789125, 0.453940299063, 0.20900692638, 0.320306732699, 0.0309042958859
13.2035666667, 153.899017334, 108, 4.03464663425, 0.468513663348, 0.21725794535, 0.327799130573, 0.056158335545
13.2035666667, 153.906112671, 122, 3.97755846528, 0.472762666343, 0.21288544513, 0.335185166539, 0.0874319487521
13.2035666667, 153.913223267, 140, 2.08927613041, 0.450283470459, 0.130912571029, 0.378633670118, 0.198054091882
